12
0
1
2
3
4
5
6
7
8
9
10
11

65
0 [0 0] 3 [1 1] 6 [2 2] 5 [3 3] 1 [4 4] 3 [5 5] 6 [6 6] 9 [7 7] 
0 [0 0] 3 [1 1] 6 [2 2] 5 [3 3] 1 [4 4] 3 [5 5] 6 [6 6] 9 [7 7] 
0 [0 0] 7 [1 1] 6 [2 2] 8 [3 3] 1 [4 4] 7 [5 5] 6 [6 6] 8 [7 7] 3 [8 8] 9 [9 9] 
0 [0 0] 3 [1 1] 6 [2 2] 5 [3 3] 1 [4 4] 3 [5 5] 6 [6 6] 5 [7 7] 1 [8 8] 3 [9 9] 9 [10 10] 
0 [0 0] 3 [1 1] 6 [2 2] 5 [3 3] 1 [4 4] 3 [5 5] 6 [6 6] 9 [7 7] 
0 [0 0] 10 [1 1] 6 [2 2] 11 [3 3] 1 [4 4] 3 [5 5] 6 [6 6] 5 [7 7] 1 [8 8] 3 [9 9] 6 [10 10] 9 [11 11] 
0 [0 0] 7 [1 1] 6 [2 2] 8 [3 3] 1 [4 4] 7 [5 5] 6 [6 6] 8 [7 7] 3 [8 8] 9 [9 9] 
0 [0 0] 7 [1 1] 6 [2 2] 8 [3 3] 1 [4 4] 7 [5 5] 6 [6 6] 8 [7 7] 3 [8 8] 9 [9 9] 
0 [0 0] 10 [1 1] 6 [2 2] 11 [3 3] 1 [4 4] 3 [5 5] 6 [6 6] 5 [7 7] 1 [8 8] 3 [9 9] 6 [10 10] 9 [11 11] 
0 [0 0] 3 [1 1] 6 [2 2] 5 [3 3] 1 [4 4] 3 [5 5] 6 [6 6] 9 [7 7] 
0 [0 0] 10 [1 1] 6 [2 2] 11 [3 3] 1 [4 4] 3 [5 5] 6 [6 6] 9 [7 7] 
0 [0 0] 10 [1 1] 6 [2 2] 11 [3 3] 1 [4 4] 3 [5 5] 6 [6 6] 9 [7 7] 
0 [0 0] 10 [1 1] 6 [2 2] 11 [3 3] 1 [4 4] 3 [5 5] 6 [6 6] 9 [7 7] 
0 [0 0] 7 [1 1] 6 [2 2] 8 [3 3] 1 [4 4] 7 [5 5] 6 [6 6] 8 [7 7] 3 [8 8] 9 [9 9] 
0 [0 0] 3 [1 1] 6 [2 2] 5 [3 3] 1 [4 4] 3 [5 5] 6 [6 6] 9 [7 7] 
0 [0 0] 3 [1 1] 6 [2 2] 5 [3 3] 1 [4 4] 3 [5 5] 6 [6 6] 9 [7 7] 
0 [0 0] 3 [1 1] 6 [2 2] 5 [3 3] 1 [4 4] 3 [5 5] 6 [6 6] 9 [7 7] 
0 [0 0] 7 [1 1] 6 [2 2] 8 [3 3] 1 [4 4] 7 [5 5] 6 [6 6] 8 [7 7] 3 [8 8] 9 [9 9] 
0 [0 0] 3 [1 1] 6 [2 2] 5 [3 3] 1 [4 4] 3 [5 5] 6 [6 6] 9 [7 7] 
0 [0 0] 7 [1 1] 6 [2 2] 8 [3 3] 1 [4 4] 7 [5 5] 6 [6 6] 8 [7 7] 3 [8 8] 9 [9 9] 
0 [0 0] 7 [1 1] 6 [2 2] 8 [3 3] 1 [4 4] 7 [5 5] 6 [6 6] 8 [7 7] 3 [8 8] 9 [9 9] 
0 [0 0] 10 [1 1] 6 [2 2] 11 [3 3] 1 [4 4] 3 [5 5] 6 [6 6] 9 [7 7] 
0 [0 0] 7 [1 1] 6 [2 2] 8 [3 3] 1 [4 4] 7 [5 5] 6 [6 6] 8 [7 7] 3 [8 8] 9 [9 9] 
0 [0 0] 3 [1 1] 6 [2 2] 5 [3 3] 1 [4 4] 3 [5 5] 6 [6 6] 9 [7 7] 
0 [0 0] 10 [1 1] 6 [2 2] 11 [3 3] 1 [4 4] 3 [5 5] 6 [6 6] 9 [7 7] 
0 [0 0] 7 [1 1] 6 [2 2] 8 [3 3] 1 [4 4] 7 [5 5] 6 [6 6] 8 [7 7] 3 [8 8] 9 [9 9] 
0 [0 0] 3 [1 1] 6 [2 2] 5 [3 3] 1 [4 4] 3 [5 5] 9 [6 6] 
0 [0 0] 10 [1 1] 6 [2 2] 11 [3 3] 1 [4 4] 3 [5 5] 6 [6 6] 9 [7 7] 
0 [0 0] 7 [1 1] 6 [2 2] 8 [3 3] 1 [4 4] 7 [5 5] 6 [6 6] 8 [7 7] 3 [8 8] 9 [9 9] 
0 [0 0] 3 [1 1] 6 [2 2] 5 [3 3] 1 [4 4] 3 [5 5] 6 [6 6] 5 [7 7] 1 [8 8] 3 [9 9] 9 [10 10] 
0 [0 0] 3 [1 1] 6 [2 2] 5 [3 3] 1 [4 4] 3 [5 5] 6 [6 6] 9 [7 7] 
0 [0 0] 3 [1 1] 6 [2 2] 5 [3 3] 1 [4 4] 3 [5 5] 9 [6 6] 
0 [0 0] 7 [1 1] 6 [2 2] 8 [3 3] 1 [4 4] 7 [5 5] 6 [6 6] 8 [7 7] 3 [8 8] 9 [9 9] 
0 [0 0] 7 [1 1] 6 [2 2] 8 [3 3] 1 [4 4] 7 [5 5] 6 [6 6] 8 [7 7] 3 [8 8] 9 [9 9] 
0 [0 0] 7 [1 1] 6 [2 2] 8 [3 3] 1 [4 4] 7 [5 5] 6 [6 6] 8 [7 7] 3 [8 8] 9 [9 9] 
0 [0 0] 3 [1 1] 6 [2 2] 5 [3 3] 1 [4 4] 3 [5 5] 6 [6 6] 9 [7 7] 
0 [0 0] 3 [1 1] 6 [2 2] 5 [3 3] 1 [4 4] 3 [5 5] 9 [6 6] 
0 [0 0] 7 [1 1] 6 [2 2] 8 [3 3] 1 [4 4] 7 [5 5] 6 [6 6] 8 [7 7] 3 [8 8] 9 [9 9] 
0 [0 0] 3 [1 1] 6 [2 2] 5 [3 3] 1 [4 4] 3 [5 5] 6 [6 6] 9 [7 7] 
0 [0 0] 3 [1 1] 6 [2 2] 5 [3 3] 1 [4 4] 3 [5 5] 6 [6 6] 9 [7 7] 
0 [0 0] 3 [1 1] 6 [2 2] 5 [3 3] 1 [4 4] 3 [5 5] 6 [6 6] 5 [7 7] 1 [8 8] 3 [9 9] 9 [10 10] 
0 [0 0] 10 [1 1] 6 [2 2] 11 [3 3] 1 [4 4] 3 [5 5] 6 [6 6] 9 [7 7] 
0 [0 0] 7 [1 1] 6 [2 2] 8 [3 3] 1 [4 4] 7 [5 5] 6 [6 6] 8 [7 7] 3 [8 8] 9 [9 9] 
0 [0 0] 7 [1 1] 6 [2 2] 8 [3 3] 1 [4 4] 7 [5 5] 6 [6 6] 8 [7 7] 3 [8 8] 9 [9 9] 
0 [0 0] 3 [1 1] 6 [2 2] 5 [3 3] 1 [4 4] 3 [5 5] 6 [6 6] 9 [7 7] 
0 [0 0] 3 [1 1] 6 [2 2] 5 [3 3] 1 [4 4] 3 [5 5] 9 [6 6] 
0 [0 0] 10 [1 1] 6 [2 2] 11 [3 3] 1 [4 4] 3 [5 5] 9 [6 6] 
0 [0 0] 7 [1 1] 6 [2 2] 8 [3 3] 1 [4 4] 7 [5 5] 6 [6 6] 8 [7 7] 3 [8 8] 9 [9 9] 
0 [0 0] 7 [1 1] 6 [2 2] 8 [3 3] 1 [4 4] 7 [5 5] 6 [6 6] 8 [7 7] 3 [8 8] 9 [9 9] 
0 [0 0] 7 [1 1] 6 [2 2] 8 [3 3] 1 [4 4] 7 [5 5] 6 [6 6] 8 [7 7] 3 [8 8] 9 [9 9] 
0 [0 0] 3 [1 1] 6 [2 2] 5 [3 3] 1 [4 4] 3 [5 5] 6 [6 6] 9 [7 7] 
0 [0 0] 7 [1 1] 6 [2 2] 8 [3 3] 1 [4 4] 7 [5 5] 6 [6 6] 8 [7 7] 3 [8 8] 9 [9 9] 
0 [0 0] 3 [1 1] 6 [2 2] 5 [3 3] 1 [4 4] 3 [5 5] 6 [6 6] 9 [7 7] 
0 [0 0] 3 [1 1] 6 [2 2] 5 [3 3] 1 [4 4] 3 [5 5] 6 [6 6] 5 [7 7] 1 [8 8] 3 [9 9] 9 [10 10] 
0 [0 0] 10 [1 1] 6 [2 2] 11 [3 3] 1 [4 4] 3 [5 5] 6 [6 6] 5 [7 7] 1 [8 8] 3 [9 9] 9 [10 10] 
0 [0 0] 7 [1 1] 6 [2 2] 8 [3 3] 1 [4 4] 7 [5 5] 6 [6 6] 8 [7 7] 3 [8 8] 9 [9 9] 
0 [0 0] 7 [1 1] 6 [2 2] 8 [3 3] 1 [4 4] 7 [5 5] 6 [6 6] 8 [7 7] 3 [8 8] 9 [9 9] 
0 [0 0] 7 [1 1] 6 [2 2] 8 [3 3] 1 [4 4] 7 [5 5] 6 [6 6] 8 [7 7] 3 [8 8] 9 [9 9] 
0 [0 0] 3 [1 1] 6 [2 2] 9 [3 3] 
0 [0 0] 3 [1 1] 6 [2 2] 9 [3 3] 
0 [0 0] 3 [1 1] 6 [2 2] 5 [3 3] 1 [4 4] 3 [5 5] 6 [6 6] 9 [7 7] 
0 [0 0] 3 [1 1] 6 [2 2] 5 [3 3] 1 [4 4] 3 [5 5] 6 [6 6] 9 [7 7] 
0 [0 0] 3 [1 1] 6 [2 2] 5 [3 3] 1 [4 4] 3 [5 5] 9 [6 6] 
0 [0 0] 7 [1 1] 6 [2 2] 8 [3 3] 1 [4 4] 7 [5 5] 6 [6 6] 8 [7 7] 3 [8 8] 9 [9 9] 
0 [0 0] 10 [1 1] 6 [2 2] 11 [3 3] 1 [4 4] 3 [5 5] 6 [6 6] 5 [7 7] 1 [8 8] 3 [9 9] 9 [10 10]