Terminal# 16
AndNode# 25
OrNode# 31
StartSymbol 71
aog.app.sequence.FollowingRelation
aog.app.sequence.SequenceCombiner
Terminals
0	0
1	1
2	2
3	3
4	4
5	5
6	6
7	7
8	8
9	9
10	10
11	11
12	12
13	13
14	14
15	15
AndNodes
16	[41 42 ][<0,1>:() ][]
17	[43 44 ][<0,1>:() ][]
18	[45 46 ][<0,1>:() ][]
19	[47 48 ][<0,1>:() ][]
20	[49 50 ][<0,1>:() ][]
21	[51 52 ][<0,1>:() ][]
22	[53 54 ][<0,1>:() ][]
23	[55 56 ][<0,1>:() ][]
24	[57 58 ][<0,1>:() ][]
25	[59 60 ][<0,1>:() ][]
26	[61 62 ][<0,1>:() ][]
27	[63 64 ][<0,1>:() ][]
28	[65 66 ][<0,1>:() ][]
29	[67 68 ][<0,1>:() ][]
30	[69 70 ][<0,1>:() ][]
31	[8 10 20 ][<0,1>:() <2,0>:() ][]
32	[20 28 ][<0,1>:() ][]
33	[11 17 ][<1,0>:() ][]
34	[2 15 24 ][<1,0>:() <2,1>:() ][]
35	[7 10 17 ][<0,1>:() <2,0>:() ][]
36	[2 11 16 27 ][<1,0>:() <2,3>:() <3,1>:() ][]
37	[10 16 ][<1,0>:() ][]
38	[2 6 12 ][<0,2>:() <1,0>:() ][]
39	[2 11 16 27 ][<1,3>:() <2,1>:() <3,0>:() ][]
40	[9 18 28 ][<0,1>:() <1,2>:() ][]
OrNodes
41	[0 ] [15.0 ]
42	[1 ] [15.0 ]
43	[5 ] [14.0 ]
44	[6 ] [14.0 ]
45	[7 ] [10.0 ]
46	[8 ] [10.0 ]
47	[16 17 ] [7.0 7.0 ]
48	[2 ] [14.0 ]
49	[16 17 ] [5.0 4.0 ]
50	[18 ] [9.0 ]
51	[19 ] [5.0 ]
52	[13 ] [5.0 ]
53	[21 20 ] [5.0 5.0 ]
54	[6 10 ] [4.0 6.0 ]
55	[19 ] [3.0 ]
56	[3 ] [3.0 ]
57	[19 ] [3.0 ]
58	[12 ] [3.0 ]
59	[24 22 ] [2.0 3.0 ]
60	[2 12 ] [2.0 3.0 ]
61	[23 ] [3.0 ]
62	[14 4 ] [2.0 1.0 ]
63	[7 ] [2.0 ]
64	[6 ] [2.0 ]
65	[8 ] [2.0 ]
66	[6 ] [2.0 ]
67	[19 9 ] [1.0 1.0 ]
68	[2 ] [2.0 ]
69	[5 ] [2.0 ]
70	[8 10 ] [1.0 1.0 ]
71	[25 19 40 30 20 34 38 35 26 33 36 32 2 22 29 17 37 31 39 ] [5.0 2.0 1.0 2.0 2.0 1.0 1.0 1.0 3.0 1.0 1.0 1.0 1.0 7.0 2.0 1.0 1.0 1.0 1.0 ]
