Terminal# 10
AndNode# 17
OrNode# 33
StartSymbol 59
aog.app.sequence.FollowingRelation
aog.app.sequence.SequenceCombiner
Terminals
0	0
1	1
2	2
3	3
4	4
5	5
6	6
7	7
8	8
9	9
AndNodes
10	[27 28 ][<0,1>:() ][]
11	[29 30 ][<0,1>:() ][]
12	[31 32 ][<0,1>:() ][]
13	[33 34 ][<0,1>:() ][]
14	[35 36 ][<0,1>:() ][]
15	[37 38 ][<0,1>:() ][]
16	[39 40 ][<0,1>:() ][]
17	[41 42 ][<0,1>:() ][]
18	[43 44 ][<0,1>:() ][]
19	[45 46 ][<0,1>:() ][]
20	[47 48 ][<0,1>:() ][]
21	[49 50 ][<0,1>:() ][]
22	[51 52 ][<0,1>:() ][]
23	[53 54 ][<0,1>:() ][]
24	[55 56 ][<0,1>:() ][]
25	[57 58 ][<0,1>:() ][]
26	[9 11 13 14 ][<1,0>:() <2,1>:() <3,2>:() ][]
OrNodes
27	[5 ] [75.0 ]
28	[3 ] [75.0 ]
29	[1 ] [75.0 ]
30	[10 ] [75.0 ]
31	[11 ] [74.0 ]
32	[6 ] [74.0 ]
33	[2 ] [60.0 ]
34	[4 ] [60.0 ]
35	[0 ] [41.0 ]
36	[12 ] [41.0 ]
37	[13 ] [59.0 ]
38	[1 12 ] [26.0 33.0 ]
39	[14 ] [35.0 ]
40	[15 ] [35.0 ]
41	[16 14 ] [35.0 5.0 ]
42	[9 25 ] [34.0 6.0 ]
43	[3 ] [24.0 ]
44	[9 ] [24.0 ]
45	[15 ] [24.0 ]
46	[18 ] [24.0 ]
47	[0 ] [24.0 ]
48	[1 ] [24.0 ]
49	[8 3 ] [12.0 12.0 ]
50	[19 ] [24.0 ]
51	[20 3 ] [24.0 12.0 ]
52	[21 23 ] [24.0 12.0 ]
53	[7 ] [12.0 ]
54	[22 ] [12.0 ]
55	[1 ] [6.0 ]
56	[9 ] [6.0 ]
57	[2 ] [6.0 ]
58	[24 ] [6.0 ]
59	[26 17 22 ] [1.0 40.0 24.0 ]
