12
0
1
2
3
4
5
6
7
8
9
10
11

65
0 [0 0] 3 [1 1] 6 [2 2] 5 [3 3] 1 [4 4] 3 [5 5] 6 [6 6] 9 [7 7] 
0 [0 0] 3 [1 1] 7 [2 2] 6 [3 3] 8 [4 4] 1 [5 5] 3 [6 6] 7 [7 7] 6 [8 8] 8 [9 9] 3 [10 10] 9 [11 11] 
0 [0 0] 3 [1 1] 10 [2 2] 6 [3 3] 11 [4 4] 1 [5 5] 3 [6 6] 6 [7 7] 9 [8 8] 
0 [0 0] 3 [1 1] 10 [2 2] 6 [3 3] 11 [4 4] 1 [5 5] 3 [6 6] 6 [7 7] 5 [8 8] 1 [9 9] 3 [10 10] 6 [11 11] 9 [12 12] 
0 [0 0] 3 [1 1] 6 [2 2] 5 [3 3] 1 [4 4] 3 [5 5] 6 [6 6] 9 [7 7] 
0 [0 0] 3 [1 1] 6 [2 2] 5 [3 3] 1 [4 4] 3 [5 5] 6 [6 6] 9 [7 7] 
0 [0 0] 3 [1 1] 7 [2 2] 6 [3 3] 8 [4 4] 1 [5 5] 3 [6 6] 7 [7 7] 6 [8 8] 8 [9 9] 3 [10 10] 9 [11 11] 
0 [0 0] 3 [1 1] 7 [2 2] 6 [3 3] 8 [4 4] 1 [5 5] 3 [6 6] 7 [7 7] 6 [8 8] 8 [9 9] 3 [10 10] 9 [11 11] 
0 [0 0] 3 [1 1] 6 [2 2] 5 [3 3] 1 [4 4] 3 [5 5] 6 [6 6] 9 [7 7] 
0 [0 0] 3 [1 1] 6 [2 2] 5 [3 3] 1 [4 4] 3 [5 5] 6 [6 6] 9 [7 7] 
0 [0 0] 3 [1 1] 6 [2 2] 5 [3 3] 1 [4 4] 3 [5 5] 6 [6 6] 9 [7 7] 
0 [0 0] 3 [1 1] 6 [2 2] 5 [3 3] 1 [4 4] 3 [5 5] 9 [6 6] 
0 [0 0] 3 [1 1] 7 [2 2] 6 [3 3] 8 [4 4] 1 [5 5] 3 [6 6] 7 [7 7] 6 [8 8] 8 [9 9] 3 [10 10] 9 [11 11] 
0 [0 0] 3 [1 1] 7 [2 2] 6 [3 3] 8 [4 4] 1 [5 5] 3 [6 6] 7 [7 7] 6 [8 8] 8 [9 9] 3 [10 10] 9 [11 11] 
0 [0 0] 3 [1 1] 7 [2 2] 6 [3 3] 8 [4 4] 1 [5 5] 3 [6 6] 7 [7 7] 6 [8 8] 8 [9 9] 3 [10 10] 9 [11 11] 
0 [0 0] 3 [1 1] 10 [2 2] 6 [3 3] 11 [4 4] 1 [5 5] 3 [6 6] 6 [7 7] 9 [8 8] 
0 [0 0] 3 [1 1] 7 [2 2] 6 [3 3] 8 [4 4] 1 [5 5] 3 [6 6] 7 [7 7] 6 [8 8] 8 [9 9] 3 [10 10] 9 [11 11] 
0 [0 0] 3 [1 1] 6 [2 2] 5 [3 3] 1 [4 4] 3 [5 5] 9 [6 6] 
0 [0 0] 3 [1 1] 7 [2 2] 6 [3 3] 8 [4 4] 1 [5 5] 3 [6 6] 7 [7 7] 6 [8 8] 8 [9 9] 3 [10 10] 9 [11 11] 
0 [0 0] 3 [1 1] 10 [2 2] 6 [3 3] 11 [4 4] 1 [5 5] 3 [6 6] 6 [7 7] 5 [8 8] 1 [9 9] 3 [10 10] 6 [11 11] 9 [12 12] 
0 [0 0] 3 [1 1] 6 [2 2] 5 [3 3] 1 [4 4] 3 [5 5] 6 [6 6] 9 [7 7] 
0 [0 0] 3 [1 1] 7 [2 2] 6 [3 3] 8 [4 4] 1 [5 5] 3 [6 6] 7 [7 7] 6 [8 8] 8 [9 9] 3 [10 10] 9 [11 11] 
0 [0 0] 3 [1 1] 7 [2 2] 6 [3 3] 8 [4 4] 1 [5 5] 3 [6 6] 7 [7 7] 6 [8 8] 8 [9 9] 3 [10 10] 9 [11 11] 
0 [0 0] 3 [1 1] 7 [2 2] 6 [3 3] 8 [4 4] 1 [5 5] 3 [6 6] 7 [7 7] 6 [8 8] 8 [9 9] 3 [10 10] 9 [11 11] 
0 [0 0] 3 [1 1] 7 [2 2] 6 [3 3] 8 [4 4] 1 [5 5] 3 [6 6] 7 [7 7] 6 [8 8] 8 [9 9] 3 [10 10] 9 [11 11] 
0 [0 0] 3 [1 1] 6 [2 2] 5 [3 3] 1 [4 4] 6 [5 5] 9 [6 6] 
0 [0 0] 3 [1 1] 10 [2 2] 6 [3 3] 11 [4 4] 1 [5 5] 3 [6 6] 6 [7 7] 9 [8 8] 
0 [0 0] 3 [1 1] 6 [2 2] 5 [3 3] 1 [4 4] 3 [5 5] 6 [6 6] 5 [7 7] 1 [8 8] 3 [9 9] 9 [10 10] 
0 [0 0] 3 [1 1] 10 [2 2] 6 [3 3] 11 [4 4] 1 [5 5] 3 [6 6] 6 [7 7] 5 [8 8] 1 [9 9] 3 [10 10] 9 [11 11] 
0 [0 0] 3 [1 1] 6 [2 2] 5 [3 3] 1 [4 4] 3 [5 5] 6 [6 6] 9 [7 7] 
0 [0 0] 3 [1 1] 10 [2 2] 6 [3 3] 11 [4 4] 1 [5 5] 3 [6 6] 6 [7 7] 9 [8 8] 
0 [0 0] 3 [1 1] 10 [2 2] 6 [3 3] 11 [4 4] 1 [5 5] 3 [6 6] 6 [7 7] 5 [8 8] 1 [9 9] 3 [10 10] 9 [11 11] 
0 [0 0] 3 [1 1] 6 [2 2] 5 [3 3] 1 [4 4] 3 [5 5] 6 [6 6] 6 [7 7] 5 [8 8] 5 [9 9] 
0 [0 0] 3 [1 1] 7 [2 2] 6 [3 3] 8 [4 4] 1 [5 5] 3 [6 6] 7 [7 7] 6 [8 8] 8 [9 9] 3 [10 10] 9 [11 11] 
0 [0 0] 3 [1 1] 6 [2 2] 5 [3 3] 1 [4 4] 3 [5 5] 6 [6 6] 5 [7 7] 1 [8 8] 3 [9 9] 9 [10 10] 
0 [0 0] 3 [1 1] 6 [2 2] 5 [3 3] 1 [4 4] 3 [5 5] 9 [6 6] 
0 [0 0] 3 [1 1] 7 [2 2] 6 [3 3] 8 [4 4] 1 [5 5] 3 [6 6] 7 [7 7] 6 [8 8] 8 [9 9] 3 [10 10] 9 [11 11] 
0 [0 0] 3 [1 1] 6 [2 2] 5 [3 3] 1 [4 4] 3 [5 5] 6 [6 6] 9 [7 7] 
0 [0 0] 3 [1 1] 10 [2 2] 6 [3 3] 11 [4 4] 1 [5 5] 3 [6 6] 9 [7 7] 
0 [0 0] 3 [1 1] 7 [2 2] 6 [3 3] 8 [4 4] 1 [5 5] 3 [6 6] 7 [7 7] 6 [8 8] 8 [9 9] 3 [10 10] 9 [11 11] 
0 [0 0] 3 [1 1] 7 [2 2] 6 [3 3] 8 [4 4] 1 [5 5] 3 [6 6] 7 [7 7] 6 [8 8] 8 [9 9] 3 [10 10] 9 [11 11] 
0 [0 0] 3 [1 1] 6 [2 2] 5 [3 3] 1 [4 4] 3 [5 5] 9 [6 6] 
0 [0 0] 3 [1 1] 10 [2 2] 6 [3 3] 11 [4 4] 1 [5 5] 3 [6 6] 6 [7 7] 9 [8 8] 
0 [0 0] 3 [1 1] 7 [2 2] 6 [3 3] 8 [4 4] 1 [5 5] 3 [6 6] 7 [7 7] 6 [8 8] 8 [9 9] 3 [10 10] 9 [11 11] 
0 [0 0] 3 [1 1] 6 [2 2] 5 [3 3] 1 [4 4] 3 [5 5] 6 [6 6] 9 [7 7] 
0 [0 0] 3 [1 1] 7 [2 2] 6 [3 3] 8 [4 4] 1 [5 5] 3 [6 6] 7 [7 7] 6 [8 8] 8 [9 9] 3 [10 10] 9 [11 11] 
0 [0 0] 3 [1 1] 6 [2 2] 5 [3 3] 1 [4 4] 3 [5 5] 6 [6 6] 9 [7 7] 
0 [0 0] 3 [1 1] 6 [2 2] 9 [3 3] 
0 [0 0] 3 [1 1] 7 [2 2] 6 [3 3] 8 [4 4] 1 [5 5] 3 [6 6] 7 [7 7] 6 [8 8] 8 [9 9] 3 [10 10] 9 [11 11] 
0 [0 0] 3 [1 1] 6 [2 2] 5 [3 3] 1 [4 4] 3 [5 5] 6 [6 6] 9 [7 7] 
0 [0 0] 3 [1 1] 6 [2 2] 5 [3 3] 1 [4 4] 3 [5 5] 6 [6 6] 9 [7 7] 
0 [0 0] 3 [1 1] 7 [2 2] 6 [3 3] 8 [4 4] 1 [5 5] 3 [6 6] 7 [7 7] 6 [8 8] 8 [9 9] 3 [10 10] 9 [11 11] 
0 [0 0] 3 [1 1] 6 [2 2] 5 [3 3] 1 [4 4] 3 [5 5] 9 [6 6] 
0 [0 0] 3 [1 1] 7 [2 2] 6 [3 3] 8 [4 4] 1 [5 5] 3 [6 6] 7 [7 7] 6 [8 8] 8 [9 9] 3 [10 10] 9 [11 11] 
0 [0 0] 3 [1 1] 10 [2 2] 6 [3 3] 11 [4 4] 1 [5 5] 3 [6 6] 6 [7 7] 9 [8 8] 
0 [0 0] 3 [1 1] 6 [2 2] 5 [3 3] 1 [4 4] 3 [5 5] 6 [6 6] 9 [7 7] 
0 [0 0] 3 [1 1] 6 [2 2] 5 [3 3] 1 [4 4] 3 [5 5] 6 [6 6] 5 [7 7] 1 [8 8] 3 [9 9] 9 [10 10] 
0 [0 0] 3 [1 1] 6 [2 2] 5 [3 3] 1 [4 4] 3 [5 5] 6 [6 6] 5 [7 7] 1 [8 8] 3 [9 9] 9 [10 10] 
0 [0 0] 3 [1 1] 6 [2 2] 5 [3 3] 1 [4 4] 3 [5 5] 6 [6 6] 9 [7 7] 
0 [0 0] 3 [1 1] 6 [2 2] 5 [3 3] 1 [4 4] 3 [5 5] 6 [6 6] 9 [7 7] 
0 [0 0] 3 [1 1] 6 [2 2] 9 [3 3] 
0 [0 0] 3 [1 1] 7 [2 2] 6 [3 3] 8 [4 4] 1 [5 5] 3 [6 6] 7 [7 7] 6 [8 8] 8 [9 9] 3 [10 10] 9 [11 11] 
0 [0 0] 3 [1 1] 7 [2 2] 6 [3 3] 8 [4 4] 1 [5 5] 3 [6 6] 7 [7 7] 6 [8 8] 8 [9 9] 3 [10 10] 9 [11 11] 
0 [0 0] 3 [1 1] 7 [2 2] 6 [3 3] 8 [4 4] 1 [5 5] 3 [6 6] 7 [7 7] 6 [8 8] 8 [9 9] 3 [10 10] 9 [11 11] 
0 [0 0] 3 [1 1] 10 [2 2] 6 [3 3] 11 [4 4] 1 [5 5] 3 [6 6] 6 [7 7] 9 [8 8] 
