Terminal# 10
AndNode# 14
OrNode# 27
StartSymbol 50
aog.app.sequence.FollowingRelation
aog.app.sequence.SequenceCombiner
Terminals
0	0
1	1
2	2
3	3
4	4
5	5
6	6
7	7
8	8
9	9
AndNodes
10	[24 25 ][<0,1>:() ][]
11	[26 27 ][<0,1>:() ][]
12	[28 29 ][<0,1>:() ][]
13	[30 31 ][<0,1>:() ][]
14	[32 33 ][<0,1>:() ][]
15	[34 35 ][<0,1>:() ][]
16	[36 37 ][<0,1>:() ][]
17	[38 39 ][<0,1>:() ][]
18	[40 41 ][<0,1>:() ][]
19	[42 43 ][<0,1>:() ][]
20	[44 45 ][<0,1>:() ][]
21	[46 47 ][<0,1>:() ][]
22	[48 49 ][<0,1>:() ][]
23	[1 2 9 17 ][<0,2>:() <1,0>:() <3,1>:() ][]
OrNodes
24	[1 ] [6.0 ]
25	[5 ] [6.0 ]
26	[3 ] [6.0 ]
27	[6 ] [6.0 ]
28	[10 ] [6.0 ]
29	[11 ] [6.0 ]
30	[2 ] [5.0 ]
31	[4 ] [5.0 ]
32	[1 ] [4.0 ]
33	[3 ] [4.0 ]
34	[12 ] [3.0 ]
35	[13 ] [3.0 ]
36	[15 ] [3.0 ]
37	[12 ] [3.0 ]
38	[0 ] [3.0 ]
39	[16 ] [3.0 ]
40	[0 ] [2.0 ]
41	[14 ] [2.0 ]
42	[17 ] [2.0 ]
43	[9 ] [2.0 ]
44	[14 ] [2.0 ]
45	[9 ] [2.0 ]
46	[13 ] [2.0 ]
47	[20 ] [2.0 ]
48	[18 ] [2.0 ]
49	[21 ] [2.0 ]
50	[19 23 22 ] [2.0 1.0 2.0 ]
