Terminal# 12
AndNode# 15
OrNode# 27
StartSymbol 53
aog.app.sequence.FollowingRelation
aog.app.sequence.SequenceCombiner
Terminals
0	0
1	1
2	2
3	3
4	4
5	5
6	6
7	7
8	8
9	9
10	10
11	11
AndNodes
12	[27 28 ][<0,1>:() ][]
13	[29 30 ][<0,1>:() ][]
14	[31 32 ][<0,1>:() ][]
15	[33 34 ][<0,1>:() ][]
16	[35 36 ][<0,1>:() ][]
17	[37 38 ][<0,1>:() ][]
18	[39 40 ][<0,1>:() ][]
19	[41 42 ][<0,1>:() ][]
20	[43 44 ][<0,1>:() ][]
21	[45 46 ][<0,1>:() ][]
22	[47 48 ][<0,1>:() ][]
23	[49 50 ][<0,1>:() ][]
24	[51 52 ][<0,1>:() ][]
25	[1 6 9 17 ][<0,1>:() <1,2>:() <3,0>:() ][]
26	[5 5 6 13 17 ][<0,1>:() <2,0>:() <3,2>:() <4,3>:() ][]
OrNodes
27	[1 0 ] [70.0 65.0 ]
28	[3 ] [135.0 ]
29	[12 ] [63.0 ]
30	[6 ] [63.0 ]
31	[12 ] [48.0 ]
32	[7 ] [48.0 ]
33	[14 ] [48.0 ]
34	[6 ] [48.0 ]
35	[15 ] [48.0 ]
36	[8 ] [48.0 ]
37	[13 ] [35.0 ]
38	[5 ] [35.0 ]
39	[13 12 ] [27.0 12.0 ]
40	[9 ] [39.0 ]
41	[17 24 ] [33.0 12.0 ]
42	[18 19 ] [37.0 8.0 ]
43	[16 ] [48.0 ]
44	[3 20 ] [24.0 24.0 ]
45	[20 ] [24.0 ]
46	[9 ] [24.0 ]
47	[12 ] [12.0 ]
48	[10 ] [12.0 ]
49	[22 ] [12.0 ]
50	[6 ] [12.0 ]
51	[23 ] [12.0 ]
52	[11 ] [12.0 ]
53	[19 21 26 25 18 ] [37.0 24.0 1.0 1.0 2.0 ]
