1488752071 74043035 push 0.369230769231 grasp_right 0.477577741408 pinch 0.153191489362 
1488752075 544378995 twist 1.0 
1488752085 817939043 neutral 1.0 
1488752092 288269042 move 0.5 grasp_right 0.5 
1488752097 527676105 twist 0.308510638298 pull 0.691489361702 
1488752100 980170011 push 1.0 
1488752264 343043088 push 0.369230769231 grasp_right 0.477577741408 pinch 0.153191489362 
1488752269 774775981 twist 1.0 
1488752280 72617053 neutral 1.0 
1488752286 503973007 move 0.5 grasp_right 0.5 
1488752296 809881925 push 1.0 
1488752302 319479942 twist 1.0 
1488752312 595362901 neutral 1.0 
1488752319 40608882 move 0.5 grasp_right 0.5 
1488752324 274815082 twist 0.308510638298 pull 0.691489361702 
1488752334 612519979 pull 1.0 
1488752338 76246976 
1488752341 312108039 
1488752344 552069902 
1488752347 804610013 
1488752351 67676067 
1488752354 376514911 
1488752357 613327026 
1488752650 447858095 push 0.369230769231 grasp_right 0.477577741408 pinch 0.153191489362 
1488752654 720473051 twist 0.937372515657 pull 0.0626274843431 
1488752665 108515024 ungrasp_right 0.935572309801 pull 0.0644276901987 
1488752670 437436103 move 1.0 
1488752680 772761106 pinch 0.0434585785422 grasp_right 0.956541421458 
1488752686 283164978 pull 0.625426504709 twist 0.374573495291 
1488752696 659313917 pull 0.867486985329 ungrasp_right 0.132513014671 
1488752700 350234985 
1488752703 678307056 
1488752706 965353012 
1488752869 555869102 push 0.369230769231 grasp_right 0.477577741408 pinch 0.153191489362 
1488752874 114639997 twist 1.0 
1488752884 473412036 neutral 1.0 
1488752890 933542013 move 0.5 grasp_right 0.5 
1488752901 232506990 push 1.0 
1488752906 779174089 twist 1.0 
1488752917 110892057 neutral 1.0 
1488752923 587753057 move 0.5 grasp_right 0.5 
1488752934 12376070 
1488752937 295341014 
1488753013 886535882 push 0.369230769231 grasp_right 0.477577741408 pinch 0.153191489362 
1488753092 621330976 push 0.369230769231 grasp_right 0.477577741408 pinch 0.153191489362 
1488753096 842339992 twist 1.0 
1488753107 114463090 unpinch 1.0 
1488753112 350219964 move 1.0 
1488753122 702630996 pinch 0.0434585785422 grasp_right 0.956541421458 
1488753127 957859992 twist 1.0 
1488753138 240452051 unpinch 1.0 
1488753143 514297008 move 1.0 
1488753153 828596115 pinch 0.0434585785422 grasp_right 0.956541421458 
1488753159 62009096 pull 0.625426504709 twist 0.374573495291 
1488753169 377028942 pull 0.867486985329 ungrasp_right 0.132513014671 
1488753174 649034976 move 1.0 
1488753184 979130983 pinch 0.0434585785422 grasp_right 0.956541421458 
1488753190 217737913 pull 0.625426504709 twist 0.374573495291 
1488753200 506444931 pull 0.867486985329 ungrasp_right 0.132513014671 
1488753362 942820072 push 0.369230769231 grasp_right 0.477577741408 pinch 0.153191489362 
1488753368 186647891 twist 0.937372515657 pull 0.0626274843431 
1488753378 465229034 ungrasp_right 0.935572309801 pull 0.0644276901987 
1488753448 279299020 push 0.369230769231 grasp_right 0.477577741408 pinch 0.153191489362 
1488753453 801295042 twist 1.0 
1488753464 70915937 neutral 1.0 
1488753470 591912031 move 0.5 grasp_right 0.5 
1488753480 880575895 push 1.0 
1488753486 321034908 twist 1.0 
1488753496 646908044 neutral 1.0 
1488753503 141968965 move 0.5 grasp_right 0.5 
1488753508 375701904 twist 0.308510638298 pull 0.691489361702 
1488753518 654850959 pull 1.0 
1488753522 74688911 
1488753525 384139060 
1488753528 620488882 
1488753531 855885982 
1488753535 93806982 
1488753538 326817989 
1488753541 574557065 
1488753545 134649038 
1488753548 382596015 
1488753710 902260065 push 0.369230769231 grasp_right 0.477577741408 pinch 0.153191489362 
1488753715 139489889 twist 0.937372515657 pull 0.0626274843431 
1488753774 139343976 push 0.369230769231 grasp_right 0.477577741408 pinch 0.153191489362 
1488753837 45149087 push 0.369230769231 grasp_right 0.477577741408 pinch 0.153191489362 
1488753841 287542104 twist 1.0 
1488753920 458569049 push 0.369230769231 grasp_right 0.477577741408 pinch 0.153191489362 
1488753924 695444107 twist 1.0 
1488753988 684725046 push 0.369230769231 grasp_right 0.477577741408 pinch 0.153191489362 
1488753993 923863887 twist 0.937372515657 pull 0.0626274843431 
1488754066 694183111 push 0.369230769231 grasp_right 0.477577741408 pinch 0.153191489362 
1488754071 185498952 twist 1.0 
1488754081 487039089 neutral 1.0 
1488754088 8723974 move 0.5 grasp_right 0.5 
1488754093 235080957 twist 0.308510638298 pull 0.691489361702 
1488754103 507589101 pull 1.0 
1488754106 960051059 push 1.0 
1488760846 882690906 push 0.369230769231 grasp_right 0.477577741408 pinch 0.153191489362 
1488760851 464884042 twist 1.0 
1488760902 520731925 push 0.369230769231 grasp_right 0.477577741408 pinch 0.153191489362 
1488760906 780945062 twist 0.937372515657 pull 0.0626274843431 
1488760916 21346092 ungrasp_right 0.935572309801 pull 0.0644276901987 
1488761015 534281969 push 0.369230769231 grasp_right 0.477577741408 pinch 0.153191489362 
