Terminal# 9
AndNode# 7
OrNode# 15
StartSymbol 30
aog.app.sequence.FollowingRelation
aog.app.sequence.SequenceCombiner
Terminals
0	0
1	1
2	2
3	3
4	4
5	5
6	6
7	7
8	8
AndNodes
9	[16 17 ][<0,1>:() ][]
10	[18 19 ][<0,1>:() ][]
11	[20 21 ][<0,1>:() ][]
12	[22 23 ][<0,1>:() ][]
13	[24 25 ][<0,1>:() ][]
14	[26 27 ][<0,1>:() ][]
15	[28 29 ][<0,1>:() ][]
OrNodes
16	[0 ] [10.0 ]
17	[2 ] [10.0 ]
18	[9 ] [8.0 ]
19	[5 ] [8.0 ]
20	[4 ] [4.0 ]
21	[10 ] [4.0 ]
22	[10 ] [4.0 ]
23	[11 ] [4.0 ]
24	[4 ] [2.0 ]
25	[9 ] [2.0 ]
26	[12 ] [4.0 ]
27	[8 15 ] [2.0 2.0 ]
28	[13 ] [2.0 ]
29	[8 ] [2.0 ]
30	[14 ] [4.0 ]
