16
0
1
2
3
4
5
6
7
8
9
10
11
12
13
14
15

35
0 [0 0] 1 [1 1] 2 [2 2] 3 [3 3] 4 [4 4] 
5 [0 0] 6 [1 1] 7 [2 2] 8 [3 3] 
9 [0 0] 2 [1 1] 
0 [0 0] 1 [1 1] 2 [2 2] 
5 [0 0] 6 [1 1] 7 [2 2] 8 [3 3] 8 [4 4] 10 [5 5] 
0 [0 0] 1 [1 1] 7 [2 2] 8 [3 3] 8 [4 4] 6 [5 5] 
5 [0 0] 6 [1 1] 11 [2 2] 
0 [0 0] 1 [1 1] 7 [2 2] 8 [3 3] 
0 [0 0] 1 [1 1] 7 [2 2] 8 [3 3] 6 [4 4] 2 [5 5] 
0 [0 0] 1 [1 1] 2 [2 2] 12 [3 3] 12 [4 4] 
5 [0 0] 6 [1 1] 7 [2 2] 8 [3 3] 10 [4 4] 
5 [0 0] 6 [1 1] 2 [2 2] 12 [3 3] 12 [4 4] 
0 [0 0] 1 [1 1] 7 [2 2] 8 [3 3] 10 [4 4] 
5 [0 0] 6 [1 1] 2 [2 2] 13 [3 3] 10 [4 4] 
5 [0 0] 6 [1 1] 2 [2 2] 13 [3 3] 6 [4 4] 2 [5 5] 
0 [0 0] 1 [1 1] 7 [2 2] 8 [3 3] 10 [4 4] 
0 [0 0] 1 [1 1] 2 [2 2] 3 [3 3] 14 [4 4] 
0 [0 0] 1 [1 1] 2 [2 2] 12 [3 3] 15 [4 4] 2 [5 5] 
5 [0 0] 6 [1 1] 7 [2 2] 10 [3 3] 
5 [0 0] 6 [1 1] 2 [2 2] 13 [3 3] 6 [4 4] 
0 [0 0] 1 [1 1] 2 [2 2] 2 [3 3] 
5 [0 0] 6 [1 1] 2 [2 2] 13 [3 3] 6 [4 4] 
0 [0 0] 1 [1 1] 2 [2 2] 
5 [0 0] 8 [1 1] 
0 [0 0] 1 [1 1] 7 [2 2] 6 [3 3] 11 [4 4] 2 [5 5] 
5 [0 0] 6 [1 1] 2 [2 2] 13 [3 3] 10 [4 4] 
0 [0 0] 1 [1 1] 10 [2 2] 
5 [0 0] 6 [1 1] 2 [2 2] 3 [3 3] 14 [4 4] 
5 [0 0] 10 [1 1] 
5 [0 0] 6 [1 1] 7 [2 2] 8 [3 3] 10 [4 4] 12 [5 5] 
5 [0 0] 6 [1 1] 
6 [0 0] 2 [1 1] 12 [2 2] 
2 [0 0] 
0 [0 0] 1 [1 1] 11 [2 2] 7 [3 3] 6 [4 4] 2 [5 5] 
9 [0 0] 7 [1 1] 8 [2 2] 8 [3 3] 6 [4 4] 