10
0
1
2
3
4
5
6
7
8
9

36
0 [0 0] 1 [1 1] 3 [2 2] 2 [3 3] 4 [4 4] 1 [5 5] 3 [6 6] 9 [7 7] 
0 [0 0] 1 [1 1] 3 [2 2] 2 [3 3] 4 [4 4] 1 [5 5] 3 [6 6] 9 [7 7] 
0 [0 0] 1 [1 1] 5 [2 2] 3 [3 3] 6 [4 4] 2 [5 5] 4 [6 6] 1 [7 7] 5 [8 8] 3 [9 9] 6 [10 10] 9 [11 11] 
0 [0 0] 1 [1 1] 5 [2 2] 3 [3 3] 6 [4 4] 2 [5 5] 4 [6 6] 1 [7 7] 5 [8 8] 3 [9 9] 6 [10 10] 2 [11 11] 1 [12 12] 9 [13 13] 
0 [0 0] 1 [1 1] 5 [2 2] 3 [3 3] 6 [4 4] 2 [5 5] 4 [6 6] 1 [7 7] 5 [8 8] 3 [9 9] 6 [10 10] 9 [11 11] 
0 [0 0] 1 [1 1] 5 [2 2] 3 [3 3] 6 [4 4] 2 [5 5] 4 [6 6] 1 [7 7] 5 [8 8] 3 [9 9] 6 [10 10] 2 [11 11] 1 [12 12] 9 [13 13] 
0 [0 0] 1 [1 1] 5 [2 2] 3 [3 3] 6 [4 4] 2 [5 5] 4 [6 6] 1 [7 7] 5 [8 8] 3 [9 9] 6 [10 10] 9 [11 11] 
0 [0 0] 1 [1 1] 7 [2 2] 3 [3 3] 8 [4 4] 2 [5 5] 4 [6 6] 1 [7 7] 3 [8 8] 9 [9 9] 
0 [0 0] 1 [1 1] 7 [2 2] 3 [3 3] 8 [4 4] 2 [5 5] 4 [6 6] 1 [7 7] 3 [8 8] 9 [9 9] 
0 [0 0] 1 [1 1] 7 [2 2] 3 [3 3] 8 [4 4] 2 [5 5] 4 [6 6] 1 [7 7] 3 [8 8] 9 [9 9] 
0 [0 0] 1 [1 1] 5 [2 2] 3 [3 3] 6 [4 4] 2 [5 5] 4 [6 6] 1 [7 7] 5 [8 8] 3 [9 9] 6 [10 10] 9 [11 11] 
0 [0 0] 1 [1 1] 5 [2 2] 3 [3 3] 6 [4 4] 2 [5 5] 4 [6 6] 1 [7 7] 5 [8 8] 3 [9 9] 6 [10 10] 2 [11 11] 1 [12 12] 9 [13 13] 
0 [0 0] 1 [1 1] 5 [2 2] 3 [3 3] 6 [4 4] 2 [5 5] 4 [6 6] 1 [7 7] 5 [8 8] 3 [9 9] 6 [10 10] 9 [11 11] 
0 [0 0] 1 [1 1] 5 [2 2] 3 [3 3] 6 [4 4] 2 [5 5] 1 [6 6] 9 [7 7] 
0 [0 0] 1 [1 1] 5 [2 2] 3 [3 3] 6 [4 4] 2 [5 5] 4 [6 6] 1 [7 7] 9 [8 8] 
0 [0 0] 1 [1 1] 5 [2 2] 3 [3 3] 6 [4 4] 2 [5 5] 4 [6 6] 1 [7 7] 5 [8 8] 3 [9 9] 6 [10 10] 9 [11 11] 
0 [0 0] 1 [1 1] 5 [2 2] 3 [3 3] 6 [4 4] 2 [5 5] 4 [6 6] 1 [7 7] 5 [8 8] 3 [9 9] 6 [10 10] 9 [11 11] 
0 [0 0] 1 [1 1] 3 [2 2] 2 [3 3] 4 [4 4] 1 [5 5] 3 [6 6] 9 [7 7] 
0 [0 0] 1 [1 1] 7 [2 2] 3 [3 3] 8 [4 4] 2 [5 5] 4 [6 6] 1 [7 7] 3 [8 8] 9 [9 9] 
0 [0 0] 1 [1 1] 5 [2 2] 3 [3 3] 6 [4 4] 2 [5 5] 4 [6 6] 1 [7 7] 5 [8 8] 3 [9 9] 6 [10 10] 9 [11 11] 
0 [0 0] 1 [1 1] 7 [2 2] 3 [3 3] 8 [4 4] 2 [5 5] 4 [6 6] 1 [7 7] 3 [8 8] 9 [9 9] 
0 [0 0] 1 [1 1] 3 [2 2] 2 [3 3] 4 [4 4] 1 [5 5] 3 [6 6] 9 [7 7] 
0 [0 0] 1 [1 1] 5 [2 2] 3 [3 3] 6 [4 4] 2 [5 5] 4 [6 6] 1 [7 7] 5 [8 8] 3 [9 9] 6 [10 10] 9 [11 11] 
0 [0 0] 1 [1 1] 3 [2 2] 2 [3 3] 4 [4 4] 1 [5 5] 3 [6 6] 9 [7 7] 
0 [0 0] 1 [1 1] 5 [2 2] 3 [3 3] 6 [4 4] 2 [5 5] 4 [6 6] 1 [7 7] 5 [8 8] 3 [9 9] 6 [10 10] 2 [11 11] 1 [12 12] 9 [13 13] 
0 [0 0] 1 [1 1] 5 [2 2] 3 [3 3] 6 [4 4] 2 [5 5] 4 [6 6] 1 [7 7] 5 [8 8] 3 [9 9] 6 [10 10] 9 [11 11] 
0 [0 0] 1 [1 1] 5 [2 2] 3 [3 3] 6 [4 4] 2 [5 5] 4 [6 6] 1 [7 7] 5 [8 8] 3 [9 9] 6 [10 10] 9 [11 11] 
0 [0 0] 1 [1 1] 3 [2 2] 2 [3 3] 4 [4 4] 1 [5 5] 3 [6 6] 9 [7 7] 
0 [0 0] 1 [1 1] 7 [2 2] 3 [3 3] 8 [4 4] 2 [5 5] 4 [6 6] 1 [7 7] 3 [8 8] 9 [9 9] 
0 [0 0] 1 [1 1] 5 [2 2] 3 [3 3] 6 [4 4] 2 [5 5] 4 [6 6] 1 [7 7] 5 [8 8] 3 [9 9] 6 [10 10] 9 [11 11] 
0 [0 0] 1 [1 1] 7 [2 2] 3 [3 3] 8 [4 4] 2 [5 5] 4 [6 6] 1 [7 7] 3 [8 8] 9 [9 9] 
0 [0 0] 1 [1 1] 5 [2 2] 3 [3 3] 6 [4 4] 2 [5 5] 4 [6 6] 1 [7 7] 9 [8 8] 
0 [0 0] 1 [1 1] 5 [2 2] 3 [3 3] 6 [4 4] 9 [5 5] 
0 [0 0] 1 [1 1] 5 [2 2] 3 [3 3] 6 [4 4] 2 [5 5] 4 [6 6] 1 [7 7] 5 [8 8] 3 [9 9] 6 [10 10] 9 [11 11] 
0 [0 0] 1 [1 1] 7 [2 2] 3 [3 3] 8 [4 4] 2 [5 5] 4 [6 6] 1 [7 7] 3 [8 8] 9 [9 9] 
0 [0 0] 1 [1 1] 5 [2 2] 3 [3 3] 6 [4 4] 9 [5 5] 
